time,observed_ozone_NIWA(DU),modeled_ozone(DU),tsi_impact,halogen_impact(DU),aerosol_impact(DU),QBO_30mb_impact(DU)
Output created in ~tcanty/TOTAL_OZONE on Tue Nov  1 18:22:13 2016
 1979.042     9.250    7.406    0.015 1120.994    0.136    0.310
 1979.125     9.320    8.343    0.315 1124.987    0.177    0.420
 1979.208    10.610   10.310    0.725 1129.479    0.151    0.090
 1979.292    11.290    8.877    0.235 1133.483    0.131   -0.290
 1979.375    10.340   10.188    0.375 1137.995    0.105   -0.920
 1979.458     9.120    8.412   -0.175 1142.012    0.116   -1.230
 1979.542     8.150    9.885    0.235 1146.042    0.125   -1.190
 1979.625     8.250    9.591    0.145 1150.072    0.129   -1.270
 1979.708     8.730   10.079    0.245 1154.614    0.143   -1.400
 1979.792     6.740   10.111    0.225 1158.657    0.138   -1.520
 1979.875     7.720    9.297    0.035 1163.214    0.144   -1.500
 1979.958     8.340   10.656    0.515 1167.269    0.117   -1.140
 1980.042     9.550    9.840    0.475 1171.335    0.136   -0.670
 1980.125     8.720    8.506    0.245 1175.400    0.177   -0.380
 1980.208     6.210    9.691    0.615 1179.979    0.151   -0.220
 1980.292     6.590    6.478   -0.075 1184.054    0.131    0.190
 1980.375     7.440    6.483    0.085 1188.644    0.105    0.640
 1980.458     6.120    7.134    0.375 1192.728    0.116    0.960
 1980.542     5.350    6.465    0.315 1196.820    0.125    1.260
 1980.625     4.850    6.287    0.305 1200.909    0.129    1.330
 1980.708     4.230    5.684    0.215 1205.511    0.143    1.480
 1980.792     4.040    5.576    0.185 1209.603    0.138    1.440
 1980.875     5.020    4.003   -0.255 1214.202    0.144    1.300
 1980.958     6.540    7.514    0.575 1218.288    0.117    1.030
 1981.042     9.050    7.939    0.635 1222.377    0.136    0.830
 1981.125     7.420    6.386    0.185 1226.455    0.177    0.630
 1981.208     8.010    6.967    0.345 1231.038    0.151    0.630
 1981.292     8.090    8.114    0.665 1235.105    0.131    0.670
 1981.375     8.840    7.257    0.355 1239.674    0.105    0.380
 1981.458     6.720    6.969    0.195 1243.728    0.116    0.080
 1981.542     6.350    4.170   -0.505 1247.782    0.125    0.120
 1981.625     7.050    8.981    0.675 1251.825    0.129   -0.130
 1981.708     7.630    7.955    0.385 1256.365    0.143   -0.250
 1981.792     8.340    6.910    0.075 1260.393    0.138   -0.400
 1981.875     6.620    8.097    0.375 1264.917    0.144   -0.470
 1981.958     7.040    8.132    0.295 1268.932    0.117   -0.760
 1982.042     9.950    9.561    0.665 1272.947    0.223   -0.860
 1982.125    11.120    5.452   -0.465 1276.950    0.285   -1.120
 1982.208    10.810    5.684   -0.475 1281.446    0.227   -1.340
 1982.292     8.490    7.695    0.085 1285.438    0.238   -1.270
 1982.375     8.840    6.368    0.025 1289.921    1.399   -1.110
 1982.458     9.420    2.914   -0.785 1293.899    1.481   -0.930
 1982.542     7.450    3.968   -0.215 1297.879    1.668   -0.180
 1982.625     5.550    3.302   -0.175 1301.849    1.676    0.420
 1982.708     3.630    3.608    0.125 1306.309    2.123    0.790
 1982.792     3.340    3.412    0.235 1310.269    2.457    1.050
 1982.875     3.420    2.375    0.035 1314.718    2.684    1.090
 1982.958     2.640    1.828   -0.165 1318.668    2.329    1.080
 1983.042     1.550    2.698    0.045 1322.620    2.251    1.040
 1983.125     1.820    1.980   -0.155 1326.563    2.167    1.010
 1983.208     1.210    2.079   -0.125 1330.994    2.118    1.010
 1983.292     1.790    1.760   -0.175 1334.930    2.035    1.120
 1983.375     2.540    1.476   -0.275 1339.352    1.859    1.100
 1983.458     3.220    2.257   -0.255 1343.280    1.670    0.620
 1983.542     1.950    3.366   -0.085 1347.210    1.597    0.270
 1983.625     1.750    4.256    0.045 1351.132    1.454    0.010
 1983.708     2.930    3.907   -0.145 1355.541    1.190   -0.180
 1983.792     2.540    3.548   -0.315 1359.458    1.196   -0.450
 1983.875     0.520    3.827   -0.265 1363.860    1.128   -0.520
 1983.958     3.340    3.828   -0.315 1367.770    1.097   -0.690
 1984.042     5.350    1.440   -0.945 1371.684    1.018   -0.710
 1984.125     4.820    2.415   -0.715 1375.590    1.061   -0.840
 1984.208     4.010    4.633   -0.205 1379.982    0.991   -1.040
 1984.292     4.390    2.470   -0.805 1383.884    0.990   -1.190
 1984.375     5.540    3.075   -0.595 1388.272    1.041   -1.100
 1984.458     3.920    4.195   -0.275 1392.168    1.132   -1.100
 1984.542     3.650    4.733   -0.265 1396.069    1.121   -1.520
 1984.625     3.950    4.495   -0.395 1399.964    1.066   -1.730
 1984.708     4.430    3.868   -0.505 1404.342    1.082   -1.620
 1984.792     2.240    3.224   -0.585 1408.234    1.060   -1.380
 1984.875     0.120    2.126   -0.695 1412.608    0.825   -0.760
 1984.958     1.240    2.013   -0.615 1416.496    0.743   -0.420
 1985.042    -0.850    0.614   -0.765 1420.387    0.844    0.130
 1985.125    -0.880    0.644   -0.665 1424.271    0.759    0.420
 1985.208    -2.890    0.260   -0.715 1428.640    0.741    0.540
 1985.292    -2.310   -0.696   -0.865 1432.524    0.564    0.900
 1985.375    -1.160   -0.674   -0.735 1436.889    0.572    1.230
 1985.458    -1.880   -0.892   -0.675 1440.769    0.652    1.500
 1985.542    -3.250   -1.088   -0.725 1444.656    0.683    1.450
 1985.625    -3.450   -0.689   -0.625 1448.540    0.600    1.450
 1985.708    -3.470   -0.916   -0.705 1452.913    0.506    1.400
 1985.792    -2.960   -1.399   -0.845 1456.810    0.471    1.340
 1985.875    -2.380   -0.907   -0.745 1461.204    0.394    1.260
 1985.958    -1.360   -0.440   -0.695 1465.122    0.322    1.050
 1986.042     0.450   -0.364   -0.705 1469.059    0.419    0.870
 1986.125     3.920   -0.898   -0.825 1473.003    0.383    0.910
 1986.208     1.010   -0.543   -0.695 1477.459    0.353    1.000
 1986.292    -0.310   -0.361   -0.725 1481.439    0.337    0.740
 1986.375    -0.360    0.243   -0.645 1485.937    0.421    0.420
 1986.458    -0.280    0.179   -0.715 1489.955    0.478    0.190
 1986.542    -0.950    0.180   -0.725 1493.995    0.482    0.120
 1986.625    -0.250    0.424   -0.775 1498.045    0.449   -0.240
 1986.708     0.430    0.543   -0.775 1502.624    0.457   -0.380
 1986.792     1.740    0.680   -0.725 1506.715    0.522   -0.410
 1986.875    -0.380    0.816   -0.665 1511.336    0.454   -0.340
 1986.958    -0.060    0.926   -0.705 1515.462    0.517   -0.620
 1987.042    -1.250    0.832   -0.705 1519.610    0.633   -0.650
 1987.125    -2.880    0.928   -0.715 1523.766    0.716   -0.840
 1987.208     1.910    1.286   -0.705 1528.462    0.729   -1.140
 1987.292     3.390    1.371   -0.735 1532.653    0.701   -1.320
 1987.375     2.740    1.983   -0.615 1537.385    0.736   -1.500
 1987.458     2.220    2.070   -0.545 1541.606    0.707   -1.380
 1987.542     1.550    1.005   -0.555 1545.846    0.661   -0.590
 1987.625     1.250   -0.556   -0.585 1550.092    0.664    0.500
 1987.708     1.230   -0.892   -0.515 1554.883    0.663    0.930
 1987.792     2.240   -1.208   -0.525 1559.158    0.606    1.140
 1987.875     1.920   -0.636   -0.395 1563.979    0.552    1.070
 1987.958    -4.360   -0.247   -0.335 1568.277    0.512    0.930
 1988.042    -2.750   -0.018   -0.325 1572.591    0.426    0.790
 1988.125    -0.780    0.400   -0.265 1576.908    0.469    0.580
 1988.208    -1.490   -0.017   -0.425 1581.776    0.256    0.500
 1988.292    -1.910    0.425   -0.315 1586.117    0.107    0.530
 1988.375     0.840    1.150   -0.075 1591.008    0.233    0.570
 1988.458     1.020    0.169   -0.365 1595.365    0.275    0.400
 1988.542     0.650   -0.331   -0.545 1599.737    0.237    0.230
 1988.625     1.450    0.734   -0.225 1604.109    0.221    0.330
 1988.708     2.330    1.961    0.085 1609.038    0.218    0.260
 1988.792     2.340    0.588   -0.265 1613.428    0.200    0.250
 1988.875     0.120    1.297   -0.075 1618.374    0.152    0.250
 1988.958     3.440    1.374   -0.115 1622.778    0.131    0.040
 1989.042     5.150    2.551    0.165 1627.194    0.135   -0.080
 1989.125     3.920    2.862    0.225 1631.609    0.183   -0.210
 1989.208     3.310    1.830    0.005 1636.585    0.181   -0.110
 1989.292     5.890    2.660    0.215 1641.013    0.168   -0.160
 1989.375     6.240    3.534    0.405 1646.002    0.155   -0.310
 1989.458     5.620    1.859   -0.045 1650.440    0.163   -0.400
 1989.542     5.450    4.877    0.695 1654.891    0.175   -0.580
 1989.625     5.750    3.002    0.135 1659.340    0.174   -0.840
 1989.708     6.930    2.298   -0.115 1664.349    0.178   -1.090
 1989.792     5.640    5.280    0.585 1668.809    0.185   -1.360
 1989.875     2.520    4.580    0.445 1673.829    0.115   -1.240
 1989.958     3.440    4.277    0.505 1678.296    0.109   -0.860
 1990.042     2.250    3.763    0.505 1682.772    0.200   -0.550
 1990.125     0.620    2.681    0.265 1687.246    0.204   -0.470
 1990.208     2.610    1.906    0.265 1692.284    0.186    0.100
 1990.292     3.490    2.304    0.495 1696.767    0.150    0.460
 1990.375     2.140    0.185    0.155 1701.812    0.128    1.060
 1990.458     0.120    0.603    0.395 1706.298    0.120    1.420
 1990.542     2.550   -0.850    0.085 1710.792    0.140    1.570
 1990.625     0.450   -2.006   -0.205 1715.278    0.122    1.570
 1990.708    -1.770    0.416    0.425 1720.320    0.134    1.520
 1990.792    -0.960   -0.254    0.235 1724.796    0.205    1.390
 1990.875    -0.680   -3.013   -0.525 1729.815    0.141    1.250
 1990.958    -2.060   -0.823    0.015 1734.263    0.164    1.110
 1991.042    -1.450   -1.899   -0.325 1738.702    0.194    0.870
 1991.125     0.520   -0.839   -0.065 1743.118    0.218    0.770
 1991.208     1.910   -0.084    0.145 1748.064    0.247    0.750
 1991.292     3.290    1.843    0.685 1752.440    0.172    0.870
 1991.375     4.440   -0.105    0.055 1757.334    0.195    0.440
 1991.458     4.420    0.287    0.055 1761.661    0.201    0.090
 1991.542     5.850    1.089    0.295 1765.971    0.990   -0.300
 1991.625     4.950    0.126    0.085 1770.250    1.753   -0.650
 1991.708     4.530    1.422    0.515 1775.029    2.244   -0.690
 1991.792     5.240   -1.871   -0.225 1779.243    2.667   -0.620
 1991.875     2.020   -0.153    0.245 1783.939    2.841   -0.690
 1991.958     1.840   -2.890   -0.435 1788.073    3.116   -0.790
 1992.042     0.550   -0.163    0.145 1792.176    2.702   -0.980
 1992.125     1.620   -0.388    0.055 1796.236    2.663   -1.090
 1992.208     0.610    0.963    0.375 1800.753    2.885   -1.350
 1992.292    -0.610    0.656    0.225 1804.724    2.622   -1.450
 1992.375    -0.760   -0.483    0.045 1809.136    2.674   -1.170
 1992.458    -1.280   -1.292   -0.075 1813.013    2.578   -0.880
 1992.542    -2.850   -2.751   -0.315 1816.855    2.460   -0.430
 1992.625    -4.050   -3.575   -0.345 1820.648    2.335    0.160
 1992.708    -5.170   -3.557   -0.215 1824.859    2.243    0.550
 1992.792    -6.860   -4.682   -0.455 1828.551    2.197    0.700
 1992.875    -6.980   -3.964   -0.245 1832.639    2.025    0.830
 1992.958    -7.260   -3.360   -0.095 1836.217    1.789    0.910
 1993.042    -8.050   -3.226   -0.075 1839.751    1.599    0.940
 1993.125    -8.080   -4.625   -0.475 1843.230    1.314    0.960
 1993.208    -8.990   -3.358   -0.165 1847.080    1.166    0.950
 1993.292    -8.610   -3.572   -0.195 1850.443    1.125    1.020
 1993.375   -10.260   -3.915   -0.235 1854.160    0.954    1.230
 1993.458    -9.380   -3.666   -0.235 1857.405    1.141    0.900
 1993.542    -6.250   -3.368   -0.285 1860.604    0.976    0.580
 1993.625    -6.550   -3.376   -0.325 1863.742    0.953    0.450
 1993.708    -4.770   -3.916   -0.485 1867.198    0.952    0.360
 1993.792    -5.260   -4.030   -0.645 1870.194    0.756    0.050
 1993.875    -4.280   -3.591   -0.615 1873.474    0.628   -0.160
 1993.958    -5.360   -2.959   -0.465 1876.307    0.665   -0.250
 1994.042    -3.750   -3.358   -0.635 1879.070    0.656   -0.470
 1994.125    -0.480   -2.056   -0.385 1881.751    0.584   -0.720
 1994.208    -3.290   -1.780   -0.345 1884.668    0.688   -0.900
 1994.292    -5.710   -2.040   -0.515 1887.168    0.632   -1.200
 1994.375    -2.960   -2.241   -0.615 1889.875    0.582   -1.340
 1994.458    -1.180   -2.034   -0.615 1892.192    0.558   -1.510
 1994.542    -0.850   -1.692   -0.615 1894.434    0.544   -1.790
 1994.625    -1.150   -1.813   -0.595 1896.593    0.553   -1.660
 1994.708    -0.470   -3.012   -0.725 1898.921    0.491   -1.100
 1994.792    -2.060   -3.606   -0.655 1900.899    0.521   -0.460
 1994.875    -5.980   -4.151   -0.545 1903.018    0.500    0.290
 1994.958    -5.960   -5.208   -0.665 1904.814    0.533    0.720
 1995.042    -7.350   -4.904   -0.555 1906.535    0.458    0.840
 1995.125    -7.280   -4.731   -0.565 1908.178    0.334    0.730
 1995.208    -6.690   -5.048   -0.655 1909.930    0.247    0.740
 1995.292    -7.510   -5.632   -0.755 1911.402    0.109    0.960
 1995.375    -8.060   -5.999   -0.715 1912.963    0.115    1.350
 1995.458    -7.280   -6.206   -0.655 1914.272    0.186    1.640
 1995.542    -5.150   -6.143   -0.675 1915.515    0.220    1.500
 1995.625    -3.250   -5.872   -0.665 1916.690    0.198    1.320
 1995.708    -3.170   -5.493   -0.685 1917.929    0.077    1.020
 1995.792    -1.360   -5.430   -0.775 1918.957    0.132    0.660
 1995.875    -1.180   -4.588   -0.705 1920.030    0.066    0.240
 1995.958    -1.160   -4.204   -0.735 1920.916    0.032   -0.140
 1996.042     0.050   -4.004   -0.735 1921.745    0.042   -0.310
 1996.125     1.420   -3.863   -0.745 1922.516    0.083   -0.480
 1996.208    -1.690   -3.657   -0.795 1923.313    0.067   -0.790
 1996.292    -3.810   -3.448   -0.765 1923.957    0.139   -0.910
 1996.375    -4.560   -3.209   -0.755 1924.615    0.152   -1.080
 1996.458    -3.680   -3.221   -0.745 1925.142    0.107   -1.020
 1996.542    -2.750   -2.827   -0.775 1925.619    0.067   -1.400
 1996.625    -1.450   -2.406   -0.715 1926.045    0.080   -1.560
 1996.708    -0.970   -2.162   -0.695 1926.458    0.036   -1.670
 1996.792    -1.060   -2.555   -0.745 1926.764    0.061   -1.530
 1996.875    -1.380   -3.654   -0.905 1927.034    0.070   -1.160
 1996.958    -3.860   -3.542   -0.675 1927.211    0.076   -0.560
 1997.042    -3.350   -4.087   -0.675 1927.333    0.068   -0.130
 1997.125    -4.180   -4.716   -0.705 1927.397    0.122    0.240
 1997.208    -4.390   -4.765   -0.675 1927.399    0.084    0.390
 1997.292    -5.110   -5.252   -0.675 1927.333    0.122    0.750
 1997.375    -8.260   -5.585   -0.635 1927.186    0.091    1.150
 1997.458    -6.980   -6.113   -0.645 1926.993    0.046    1.560
 1997.542    -8.050   -6.392   -0.655 1926.746    0.064    1.740
 1997.625    -8.350   -5.815   -0.595 1926.448    0.069    1.470
 1997.708    -6.470   -6.138   -0.705 1926.046    0.007    1.430
 1997.792    -2.860   -4.974   -0.445 1925.629    0.018    1.300
 1997.875    -2.780   -4.907   -0.535 1925.096    0.021    0.980
 1997.958    -2.260   -4.162   -0.495 1924.567    0.079    0.490
 1998.042    -1.750   -3.519   -0.415 1923.992    0.101    0.220
 1998.125    -1.380   -3.191   -0.455 1923.373    0.100   -0.150
 1998.208     0.410   -3.286   -0.555 1922.621    0.117   -0.380
 1998.292     0.190   -1.975   -0.285 1921.904    0.125   -0.590
 1998.375     1.440   -2.067   -0.415 1921.043    0.104   -0.890
 1998.458     2.020   -1.461   -0.325 1920.234    0.077   -1.070
 1998.542     1.850   -0.430   -0.135 1919.388    0.065   -1.290
 1998.625     2.050   -0.848   -0.285 1918.508    0.070   -1.410
 1998.708     1.930   -1.074   -0.295 1917.476    0.082   -1.260
 1998.792     1.840   -0.245   -0.035 1916.522    0.070   -1.110
 1998.875     1.620   -1.012   -0.115 1915.412    0.121   -0.770
 1998.958    -1.860   -1.297   -0.005 1914.396    0.074   -0.180
 1999.042    -4.750   -1.488    0.105 1913.355    0.144    0.270
 1999.125    -4.180   -2.609   -0.135 1912.293    0.187    0.410
 1999.208    -3.190   -2.363   -0.025 1911.070    0.151    0.580
 1999.292    -2.010   -3.222   -0.125 1909.960    0.101    0.990
 1999.375    -1.160   -3.126    0.005 1908.687    0.026    1.360
 1999.458    -0.980   -3.396    0.025 1907.536    0.101    1.600
 1999.542    -1.250   -3.305    0.055 1906.366    0.083    1.640
 1999.625    -0.950   -2.983    0.095 1905.182    0.046    1.540
 1999.708     0.230   -2.342    0.205 1903.828    0.067    1.370
 1999.792     1.340   -3.332   -0.145 1902.604    0.000    1.140
 1999.875     1.920   -2.588   -0.025 1901.205    0.145    0.850
 1999.958    -0.060   -2.280   -0.005 1899.942    0.076    0.720
 2000.042     0.150   -0.720    0.345 1898.658    0.138    0.530
 2000.125     0.420   -0.974    0.255 1897.359    0.174    0.450
 2000.208    -0.190   -1.586    0.105 1895.875    0.174    0.490
 2000.292    -0.310   -0.838    0.275 1894.536    0.191    0.420
 2000.375    -1.160   -1.511   -0.015 1893.005    0.150    0.110
 2000.458    -1.280   -0.717    0.075 1891.626    0.137   -0.220
 2000.542    -1.550    0.191    0.205 1890.230    0.144   -0.530
 2000.625    -0.650    1.923    0.595 1888.823    0.149   -0.700
 2000.708     0.630    0.368    0.155 1887.226    0.178   -0.810
 2000.792    -1.360    2.038    0.595 1885.796    0.180   -0.780
 2000.875    -1.680    1.948    0.535 1884.180    0.171   -0.870
 2000.958    -0.460    2.137    0.575 1882.740    0.146   -0.870
 2001.042     0.150    1.744    0.405 1881.297    0.161   -1.070
 2001.125    -2.180    2.058    0.475 1879.857    0.230   -1.130
 2001.208    -0.790    0.660    0.035 1878.239    0.147   -1.300
 2001.292     0.590    1.086    0.095 1876.804    0.095   -1.410
 2001.375    -0.560    1.452    0.145 1875.196    0.093   -1.530
 2001.458    -0.380    1.388    0.135 1873.772    0.117   -1.510
 2001.542    -0.650    2.107    0.345 1872.350    0.156   -1.450
 2001.625    -1.150    0.783    0.075 1870.934    0.166   -1.220
 2001.708    -0.570   -0.397   -0.075 1869.344    0.141   -0.720
 2001.792     1.340    1.261    0.435 1867.932    0.216   -0.510
 2001.875     2.320   -0.466    0.145 1866.344    0.183    0.000
 2001.958     1.740    0.572    0.515 1864.929    0.104    0.360
 2002.042    -0.950    1.991    0.945 1863.509    0.135    0.540
 2002.125    -1.980    1.179    0.805 1862.087    0.200    0.730
 2002.208     0.310    0.537    0.635 1860.482    0.120    0.780
 2002.292     0.690   -1.250    0.275 1859.046    0.063    1.140
 2002.375     0.940   -1.398    0.275 1857.424    0.046    1.280
 2002.458     1.020   -1.451    0.315 1855.975    0.054    1.450
 2002.542     0.250   -3.355   -0.205 1854.517    0.085    1.370
 2002.625     0.350   -2.872   -0.065 1853.055    0.115    1.410
 2002.708    -1.070   -1.993    0.085 1851.403    0.149    1.170
 2002.792     1.340   -1.469    0.155 1849.929    0.122    1.000
 2002.875     2.020   -1.296    0.075 1848.268    0.049    0.680
 2002.958     2.940    0.591    0.405 1846.788    0.070    0.200
 2003.042     1.950    0.073    0.225 1845.303    0.135    0.040
 2003.125     3.320   -0.026    0.175 1843.821    0.171   -0.040
 2003.208     2.910   -1.103   -0.175 1842.152    0.196   -0.250
 2003.292     1.890   -0.439   -0.155 1840.669    0.204   -0.700
 2003.375     0.440   -0.189   -0.195 1839.000    0.203   -1.000
 2003.458     0.620   -0.418   -0.285 1837.517    0.205   -1.080
 2003.542     0.750    0.494   -0.135 1836.034    0.209   -1.330
 2003.625     0.950    0.786   -0.105 1834.555    0.218   -1.460
 2003.708     0.930    1.053   -0.015 1832.893    0.232   -1.390
 2003.792    -1.760   -2.142   -0.815 1831.417    0.222   -1.280
 2003.875    -1.580    0.186   -0.175 1829.760    0.186   -1.140
 2003.958    -2.960   -0.051   -0.085 1828.289    0.223   -0.690
 2004.042    -5.350   -1.278   -0.275 1826.819    0.136   -0.240
 2004.125    -3.880   -2.007   -0.285 1825.354    0.177    0.290
 2004.208    -4.190   -2.045   -0.245 1823.708    0.151    0.470
 2004.292    -3.410   -2.345   -0.205 1822.247    0.131    0.850
 2004.375    -3.560   -3.281   -0.345 1820.609    0.105    1.190
 2004.458    -3.780   -3.476   -0.355 1819.155    0.116    1.320
 2004.542    -4.150   -4.518   -0.615 1817.701    0.125    1.360
 2004.625    -4.550   -3.837   -0.475 1816.253    0.129    1.260
 2004.708    -4.870   -2.777   -0.275 1814.625    0.143    1.040
 2004.792    -5.160   -2.641   -0.255 1813.180    0.138    1.010
 2004.875    -3.880   -2.615   -0.365 1811.558    0.144    0.670
 2004.958    -1.960   -1.694   -0.215 1810.117    0.117    0.430
 2005.042    -0.150   -2.719   -0.585 1808.676    0.136    0.120
 2005.125    -1.580   -2.052   -0.445 1807.239    0.177    0.010
 2005.208    -3.690   -2.104   -0.475 1805.624    0.151   -0.010
 2005.292    -5.110   -1.473   -0.495 1804.188    0.131   -0.540
 2005.375    -3.460   -0.835   -0.525 1802.576    0.105   -1.100
 2005.458    -2.280   -0.711   -0.565 1801.143    0.116   -1.310
 2005.542    -1.550   -0.367   -0.515 1799.706    0.125   -1.420
 2005.625    -1.250    0.095   -0.445 1798.269    0.129   -1.560
 2005.708    -2.370   -0.064   -0.575 1796.647    0.143   -1.820
 2005.792    -3.460    0.495   -0.485 1795.195    0.138   -1.970
 2005.875    -4.580    0.240   -0.595 1793.550    0.144   -2.090
 2005.958    -1.560    0.175   -0.525 1792.075    0.117   -1.800
 2006.042    -5.750   -0.166   -0.475 1790.583    0.136   -1.380
 2006.125    -6.980   -0.997   -0.505 1789.078    0.177   -0.830
 2006.208    -5.190   -2.314   -0.585 1787.365    0.151   -0.010
 2006.292    -5.010   -2.741   -0.565 1785.822    0.131    0.410
 2006.375    -5.160   -2.995   -0.455 1784.062    0.105    0.970
 2006.458    -4.480   -3.753   -0.545 1782.479    0.116    1.300
 2006.542    -5.550   -3.932   -0.555 1780.877    0.125    1.420
 2006.625    -5.150   -4.340   -0.665 1779.263    0.129    1.420
 2006.708    -5.870   -3.649   -0.535 1777.431    0.143    1.280
 2006.792    -6.360   -3.639   -0.545 1775.792    0.138    1.260
 2006.875    -3.080   -3.969   -0.675 1773.941    0.144    1.140
 2006.958    -4.960   -3.393   -0.665 1772.293    0.117    0.750
 2007.042    -4.050   -2.863   -0.655 1770.642    0.136    0.370
 2007.125    -3.680   -2.797   -0.665 1768.994    0.177    0.280
 2007.208    -2.690   -2.397   -0.625 1767.144    0.151    0.120
 2007.292    -2.210   -1.789   -0.655 1765.505    0.131   -0.420
 2007.375    -3.860   -1.097   -0.685 1763.669    0.105   -1.020
 2007.458    -1.780   -0.368   -0.615 1762.045    0.116   -1.370
 2007.542    -0.250   -0.254   -0.625 1760.424    0.125   -1.480
 2007.625    -0.250    0.069   -0.615 1758.811    0.129   -1.690
 2007.708    -2.470    0.118   -0.655 1757.001    0.143   -1.840
 2007.792    -2.860    0.409   -0.635 1755.394    0.138   -1.990
 2007.875    -0.880    0.080   -0.705 1753.585    0.144   -1.930
 2007.958    -1.360   -0.546   -0.685 1751.976    0.117   -1.350
 2008.042    -3.650   -1.065   -0.655 1750.361    0.136   -0.850
 2008.125    -6.280   -1.702   -0.635 1748.745    0.177   -0.300
 2008.208    -6.990   -2.570   -0.705 1746.918    0.151    0.200
 2008.292    -5.110   -2.792   -0.665 1745.287    0.131    0.520
 2008.375    -4.360   -3.417   -0.655 1743.443    0.105    1.070
 2008.458    -4.780   -4.096   -0.705 1741.795    0.116    1.460
 2008.542    -5.150   -4.300   -0.705 1740.137    0.125    1.630
 2008.625    -5.050   -4.144   -0.715 1738.474    0.129    1.490
 2008.708    -5.070   -4.004   -0.715 1736.595    0.143    1.390
 2008.792    -5.460   -3.763   -0.695 1734.919    0.138    1.280
 2008.875    -3.480   -3.348   -0.665 1733.028    0.144    1.060
 2008.958    -3.660   -3.424   -0.685 1731.343    0.117    1.090
 2009.042    -4.650   -3.496   -0.725 1729.652    0.136    1.030
 2009.125    -5.980   -3.390   -0.675 1727.963    0.177    1.090
 2009.208    -2.890   -3.400   -0.735 1726.059    0.151    0.950
 2009.292    -2.810   -3.213   -0.765 1724.368    0.131    0.740
 2009.375    -3.260   -2.251   -0.685 1722.463    0.105    0.260
 2009.458    -1.780   -1.919   -0.715 1720.770    0.116   -0.080
 2009.542    -0.850   -1.587   -0.755 1719.076    0.125   -0.450
 2009.625     0.050   -1.263   -0.735 1717.385    0.129   -0.630
 2009.708     0.030   -1.071   -0.705 1715.484    0.143   -0.680
 2009.792    -1.460   -1.175   -0.705 1713.796    0.138   -0.580
 2009.875    -0.580   -0.633   -0.645 1711.900    0.144   -0.810
 2009.958     1.740   -0.389   -0.665 1710.217    0.117   -1.030
 2010.042     2.850    0.040   -0.595 1708.533    0.136   -1.150
 2010.125     2.120    0.837   -0.435 1706.854    0.177   -1.300
 2010.208     2.610    0.813   -0.545 1704.969    0.151   -1.580
 2010.292     4.590    1.590   -0.465 1703.295    0.131   -1.920
 2010.375     3.740    1.553   -0.515 1701.417    0.105   -2.010
 2010.458     0.820    0.822   -0.595 1699.750    0.116   -1.670
 2010.542     0.550   -0.557   -0.485 1698.082    0.125   -0.250
 2010.625     0.050   -1.743   -0.495 1696.420    0.129    0.660
 2010.708     0.030   -1.986   -0.455 1694.553    0.143    0.980
 2010.792     0.540   -2.552   -0.515 1692.893    0.138    1.260
 2010.875     3.120   -2.329   -0.445 1691.029    0.144    1.310
 2010.958     2.640   -2.291   -0.505 1689.373    0.117    1.130
 2011.042     1.650   -1.850   -0.465 1687.715    0.136    0.910
 2011.125     1.420   -2.001   -0.505 1686.060    0.177    0.900
 2011.208     0.710   -1.922   -0.505 1684.198    0.151    0.870
 2011.292    -2.710   -0.618   -0.175 1682.543    0.131    0.870
 2011.375    -3.660   -0.680   -0.175 1680.681    0.105    0.950
 2011.458    -2.980   -0.400   -0.195 1679.025    0.116    0.680
 2011.542    -1.350   -0.721   -0.315 1677.367    0.125    0.580
 2011.625    -1.050   -1.039   -0.425 1675.710    0.129    0.510
 2011.708    -2.270   -0.784   -0.445 1673.843    0.143    0.260
 2011.792    -1.260    0.136   -0.255 1672.183    0.138    0.130
 2011.875    -0.080    1.524   -0.085 1670.312    0.144   -0.430
 2011.958    -1.560    3.010    0.075 1668.646    0.117   -1.080
